episode,reward,accuracy,steps,buffer_size,epsilon,loss
0,-6.5,0.125,8,8,0.899999320000272,
1,-623.5,0.17193675889328064,506,514,0.8999563111228138,0.1741479010261356
2,-677.0,0.1678832116788321,548,1062,0.8999097347931674,0.0878023503681332
3,-568.0,0.15401785714285715,448,1510,0.8998716596899373,0.08772502972819243
4,-521.0,0.17824074074074073,432,1942,0.8998349460272596,0.061556482014970645
5,-1131.0,0.1797631862217438,929,2871,0.899756000027872,0.07547299353961218
6,-340.5,0.19865319865319866,297,3168,0.8997307626494481,0.1311865613579449
7,-722.0,0.16580310880829016,579,3747,0.8996815646625862,0.06891464153449461
8,-229.5,0.1794871794871795,195,3942,0.8996649960336199,0.04660071356174273
9,-785.5,0.17573872472783825,643,4585,0.8996103643308031,0.04378553109843151
10,-978.5,0.18137254901960784,816,5401,0.8995410389535875,0.04103940621579943
11,-38.0,0.17647058823529413,34,5435,0.8995381505189654,0.6100541984333712
12,-480.5,0.22247191011235956,445,5880,0.8995003469124038,0.278558449685741
13,-926.5,0.16711229946524064,748,6628,0.8994368066628897,0.09130225026479519
14,-706.0,0.19365609348914858,599,7227,0.899385926922034,0.0599048145088944
15,-517.0,0.18013856812933027,433,7660,0.8993491493076394,0.05402116228097202
16,-260.0,0.19555555555555557,225,7885,0.8993300391667699,0.043333008349355724
17,1.5,0.5,16,7901,0.8993286802397943,0.0538286657538265
18,-226.5,0.2079207920792079,202,8103,0.8993115239737324,0.04972385089743034
19,-1097.0,0.1933404940923738,931,9034,0.8992324567514868,0.057727459679576786
20,-695.0,0.22919937205651492,637,9671,0.8991783623669162,0.061638393587750064
21,-253.5,0.21304347826086956,230,9901,0.8991588314891876,0.4197031910004823
22,-696.5,0.1791304347826087,575,10476,0.8991100062601158,0.15393386313448781
23,-53.0,0.0975609756097561,41,10517,0.8991065249162269,0.08994233158485192
24,-26.5,0.09090909090909091,22,10539,0.8991046568839268,0.049427861093797466
25,-143.0,0.22058823529411764,136,10675,0.8990931091391181,0.05971058269770926
26,-285.5,0.1910569105691057,246,10921,0.8990722217055498,0.06796595763899689
27,-815.5,0.187683284457478,682,11603,0.8990143169546039,0.06825751854964365
28,-838.0,0.18077474892395984,697,12300,0.8989551427189583,0.053590343300376084
29,-871.0,0.18269230769230768,728,13028,0.898893341034177,0.06773512821854348
30,-0.5,0.0,1,13029,0.898893256144847,0.02253827080130577
31,-1.0,0.0,2,13031,0.8988930863662128,1.4371102452278137
32,-750.0,0.16472545757071547,601,13632,0.8988420694247966,0.2872712863268278
33,-597.0,0.19845857418111754,519,14151,0.8987980156645984,0.10591642516090935
34,-477.5,0.20047732696897375,419,14570,0.8987624517728109,0.07669092400826354
35,-459.0,0.20149253731343283,402,14972,0.8987283322080575,0.05993534551483964
36,-520.5,0.19690265486725664,452,15424,0.8986899705544215,0.06926567247343472
37,-306.0,0.15789473684210525,247,15671,0.8986690081710353,0.06475928579815306
38,-719.0,0.20224719101123595,623,16294,0.8986161377387574,0.0818256377264929
39,-107.5,0.16304347826086957,92,16386,0.8986083305062035,0.072505170924832
40,-135.5,0.21705426356589147,129,16515,0.898597383529348,0.0742202959882543
41,-307.5,0.21014492753623187,276,16791,0.8985739625647735,0.41980430791559425
42,-522.0,0.20518358531317496,463,17254,0.8985346744998325,0.14540966587306098
43,-202.0,0.2192513368983957,187,17441,0.8985188070497805,0.10880063540416765
44,-864.5,0.18732782369146006,726,18167,0.898457206820504,0.09389469665975488
45,-808.5,0.1950509461426492,687,18854,0.898398919812577,0.06884555045781003
46,-910.5,0.18469656992084432,758,19612,0.8983346136116911,0.08807203499538858
47,-378.0,0.19877675840978593,327,19939,0.8983068735233789,0.05424362295292979
48,-448.0,0.17941952506596306,379,20318,0.8982747233021229,0.09291253361044978
49,-218.0,0.18848167539267016,191,20509,0.8982585214096365,0.0815866971924823
50,-301.0,0.18359375,256,20765,0.8982368062694432,0.09298380112704763
51,-497.5,0.17475728155339806,412,21177,0.8982018596329306,0.3688387245355735
52,-942.0,0.19506172839506172,810,21987,0.8981331580647515,0.1205086549686521
53,-506.5,0.17814726840855108,421,22408,0.8980974524104063,0.10184914942481278
54,-570.0,0.135632183908046,435,22843,0.898060560973621,0.1093861312123722
55,-703.0,0.18072289156626506,581,23424,0.8980112900863615,0.10415692898010429
56,-966.0,0.18719211822660098,812,24236,0.8979424343651866,0.10729877735038512
57,-354.5,0.1901639344262295,305,24541,0.8979165725153336,0.08336256116201154
58,-91.0,0.20689655172413793,87,24628,0.8979091956732421,0.0850223686717365
59,-675.5,0.22617124394184168,619,25247,0.8978567117184251,0.1004963403474389
60,-773.5,0.18923076923076923,650,25897,0.897801602823222,0.0886588781291189
61,-19.5,0.15,20,25917,0.8977999072217119,1.3479095607995988
62,-293.0,0.14347826086956522,230,26147,0.8977804080480871,0.5472498663093732
63,-1043.0,0.17176470588235293,850,26997,0.8977083497759231,0.1451122774819241
64,-723.5,0.2115987460815047,638,27635,0.8976542677084436,0.10015015946963925
65,-119.0,0.22807017543859648,114,27749,0.8976446045048722,0.1061040478872887
66,-1161.5,0.19250253292806485,987,28736,0.8975609461110171,0.11938565375289022
67,-826.0,0.17138599105812222,671,29407,0.8975040766795238,0.09674920983773541
68,-1132.0,0.1882229232386961,951,30358,0.8974234828741278,0.13419815007603084
69,-331.0,0.1590909090909091,264,30622,0.8974011111894874,0.12031916813981353
70,-1067.5,0.188470066518847,902,31524,0.8973246790563991,0.1003101664355764
71,-336.0,0.21122112211221122,303,31827,0.89729900550758,0.5664695739967398
72,-590.5,0.22037037037037038,540,32367,0.8972532525966224,0.170000412835981
73,-43.0,0.15789473684210525,38,32405,0.8972500330403795,0.08775278700417594
74,-105.5,0.20618556701030927,97,32502,0.8972418147549178,0.09849960871578492
75,-507.5,0.1912442396313364,434,32936,0.8972050452580613,0.13671287520217798
76,-39.5,0.2619047619047619,42,32978,0.8972014870043435,0.08016557184358437
77,-955.0,0.16731517509727625,771,33749,0.8971361702876873,0.12204492330157359
78,-104.5,0.17582417582417584,91,33840,0.8971284613836132,0.08168812129892163
79,-814.0,0.19130434782608696,690,34530,0.8970700115363207,0.1687132084539727
80,-285.5,0.21235521235521235,259,34789,0.897048072707131,0.09514892300137796
81,-144.0,0.176,125,34914,0.8970374846723975,0.9300073409080505
82,-43.5,0.22727272727272727,44,34958,0.8970337577156643,0.6610967086797411
83,-216.5,0.1638418079096045,177,35135,0.8970187653508355,0.3101029060781002
84,-204.0,0.1695906432748538,171,35306,0.8970042814537857,0.24098174316449122
85,-122.5,0.17307692307692307,104,35410,0.8969954726550644,0.1559966936474666
86,-717.0,0.18043844856661045,593,36003,0.8969452473127321,0.15132244293614092
87,-291.5,0.2054263565891473,258,36261,0.8969233964072293,0.09907347907839242
88,-1040.5,0.17099056603773585,848,37109,0.8968515803482578,0.1605765154246979
89,-21.5,0.14285714285714285,21,37130,0.8968498019618065,0.10796367439130942
90,-26.0,0.23333333333333334,30,37160,0.8968472614162114,0.12997598989556233
91,-966.0,0.18450184501845018,813,37973,0.8967784155324814,0.4046478790688119
92,-863.0,0.167621776504298,698,38671,0.8967193124617984,0.13569649567635447
93,-794.0,0.1776416539050536,653,39324,0.896664023495899,0.12842632045435962
94,-651.5,0.18874773139745918,551,39875,0.896617373593421,0.12991914483034026
95,-893.0,0.19154557463672392,757,40632,0.896553287083945,0.15683097687095915
96,-982.0,0.17412935323383086,804,41436,0.896485226935718,0.1997639277651072
97,-317.5,0.2014388489208633,278,41714,0.896461694973505,0.14955041676478312
98,-728.0,0.1658119658119658,585,42299,0.8964121784127226,0.16525828136433648
